function[B] = loadMatrix(A)
% B= [0, 0.4, 0.35, 0.6; 0, 0, 0.45, 0.7; 0, 0, 0, 0.55; 0, 0, 0, 0];
% B = [0, 0.4, 0.35, 0.6; 0, 0, 0.45, 0.7; 0, 0, 0, 0.55; 0, 0, 0, 0];

B = [0, 9, 2, 4, 9, 10; 0, 0, 9, 6, 2, 10; 0, 0, 0, 5, 9, 10; 0, 0, 0, 0, 6, 10; 0, 0, 0, 0, 0, 10; 0, 0, 0, 0, 0, 0];
% B = [0, 6, 6, 2, 6, 7; 0, 0, 6, 7, 5, 4; 0, 0, 0, 7, 3, 9; 0, 0, 0, 0, 4, 6; 0, 0, 0, 0, 0, 8; 0, 0, 0, 0, 0, 0]
end



% A1 dzia³a ... A = [0, 9, 2, 4, 9, 10; 0, 0, 9, 6, 2, 10; 0, 0, 0, 5, 9, 10; 0, 0, 0, 0, 6, 10; 0, 0, 0, 0, 0, 10; 0, 0, 0, 0, 0, 0]
% A2 dzia³a... A = [0, 10, 8, 2, 6, 4; 0, 0, 4, 6, 8, 2; 0, 0, 0, 10, 2, 6; 0, 0, 0, 0, 8, 4; 0, 0, 0, 0, 0, 2; 0, 0, 0, 0, 0, 0]
% A3 dzia³a... A = [0, 8, 9, 7, 4; 0, 0, 4, 8, 2; 0, 0, 0, 2, 6; 0, 0, 0, 0, 2; 0, 0, 0, 0, 0]
% tu te¿ dzia³a jakoœ... A = [0, 6, 5, 5; 0, 0, 9, 7; 0, 0, 0, 2; 0, 0, 0, 0]
% A4 dzia³a A = [0, 0.4, 0.35, 0.6; 0, 0, 0.45, 0.7; 0, 0, 0, 0.55; 0, 0, 0, 0];
% A5 dzia³a A=[0, 0.425, 0.575; 0, 0, 0.7; 0, 0, 0]